9.666666666666666
9.266666666666667
9.333333333333334
9.4
9.5
9.5
9.233333333333333
9.3
9.566666666666666
9.433333333333334
55.4
9.333333333333334
9.633333333333333
9.166666666666666
9.2
9.5
9.366666666666667
9.5
10.5
9.333333333333334
9.666666666666666
9.366666666666667
9.3
9.233333333333333
9.266666666666667
9.166666666666666
19.566666666666666
47.46666666666667
44.6
19.7
145.9
9.433333333333334
9.433333333333334
121.2
25.766666666666666
9.533333333333333
15.266666666666667
9.266666666666667
9.433333333333334
14.6
27.166666666666668
92.23333333333333
9.733333333333333
9.6
18.8
10.4
12.7
9.5
9.4
9.366666666666667
9.466666666666667
9.433333333333334
11.6
9.466666666666667
9.566666666666666
9.433333333333334
9.466666666666667
9.6
9.266666666666667
9.0
9.433333333333334
93.03333333333333
9.466666666666667
9.566666666666666
9.033333333333333
13.333333333333334
10.666666666666666
9.466666666666667
42.43333333333333
11.533333333333333
9.433333333333334
179.46666666666667
9.5
9.266666666666667
69.1
26.266666666666666
9.433333333333334
17.333333333333332
9.333333333333334
9.533333333333333
9.233333333333333
170.76666666666668
22.966666666666665
9.233333333333333
9.166666666666666
10.266666666666667
9.466666666666667
9.233333333333333
9.133333333333333
10.8
9.4
9.366666666666667
9.533333333333333
9.266666666666667
9.433333333333334
13.9
9.166666666666666
9.3
9.533333333333333
9.3
9.5
9.366666666666667
15.1
25.533333333333335
12.0
9.333333333333334
10.333333333333334
9.366666666666667
46.86666666666667
10.066666666666666
9.233333333333333
9.4
9.433333333333334
35.1
9.133333333333333
9.266666666666667
9.333333333333334
10.333333333333334
9.433333333333334
10.133333333333333
9.333333333333334
11.033333333333333
16.266666666666666
9.466666666666667
12.566666666666666
16.833333333333332
9.333333333333334
11.166666666666666
9.333333333333334
12.066666666666666
9.466666666666667
10.4
9.566666666666666
11.2
9.433333333333334
17.133333333333333
9.766666666666667
10.133333333333333
10.1
9.6
9.333333333333334
9.166666666666666
9.233333333333333
9.233333333333333
12.266666666666667
12.366666666666667
9.166666666666666
12.566666666666666
9.233333333333333
20.3
10.6
21.233333333333334
10.433333333333334
9.333333333333334
9.533333333333333
16.0
9.533333333333333
10.3
9.233333333333333
9.966666666666667
44.86666666666667
9.333333333333334
10.533333333333333
21.166666666666668
16.733333333333334
9.233333333333333
16.1
10.266666666666667
9.3
24.866666666666667
9.333333333333334
9.333333333333334
9.3
9.466666666666667
9.4
17.466666666666665
9.433333333333334
9.3
11.466666666666667
9.4
9.633333333333333
9.466666666666667
9.366666666666667
9.3
9.166666666666666
9.366666666666667
9.266666666666667
9.366666666666667
9.3
9.433333333333334
9.3
161.96666666666667
9.533333333333333
9.5
177.0
9.433333333333334
9.6
9.4
9.366666666666667
9.333333333333334
49.2
19.8
23.1
14.033333333333333
40.266666666666666
13.8
195.83333333333334
192.4
57.13333333333333
146.13333333333333
131.7
23.766666666666666
64.7
124.33333333333333
91.4
95.1
46.666666666666664
96.83333333333333
93.7
154.96666666666667
178.33333333333334
167.2
100.56666666666666
52.53333333333333
117.1
90.5
78.1
85.86666666666666
44.63333333333333
98.03333333333333
126.76666666666667
62.4
56.03333333333333
91.3
98.0
64.83333333333333
72.76666666666667
55.766666666666666
98.7
65.7
67.96666666666667
92.33333333333333
58.8
191.2
184.56666666666666
115.23333333333333
151.83333333333334
169.86666666666667
155.8
86.06666666666666
179.06666666666666
89.9
86.9
91.56666666666666
144.76666666666668
74.73333333333333
172.3
69.1
103.4
61.06666666666667
120.93333333333334
98.83333333333333
132.7
144.6
120.03333333333333
83.96666666666667
65.8
175.9
116.06666666666666
181.86666666666667
51.7
100.93333333333334
83.36666666666666
195.53333333333333
54.266666666666666
124.63333333333334
69.56666666666666
107.76666666666667
74.83333333333333
95.03333333333333
91.46666666666667
66.0
48.03333333333333
158.4
144.13333333333333
185.06666666666666
189.66666666666666
185.53333333333333
80.46666666666667
190.66666666666666
87.66666666666667
101.23333333333333
150.33333333333334
173.46666666666667
151.13333333333333
161.1
90.03333333333333
101.23333333333333
61.8
60.43333333333333
107.06666666666666
65.73333333333333
80.56666666666666
111.1
102.63333333333334
111.53333333333333
161.06666666666666
115.9
154.3
169.73333333333332
187.9
145.6
166.46666666666667
163.86666666666667
134.8
76.36666666666666
165.43333333333334
123.3
152.7
85.26666666666667
161.23333333333332
58.36666666666667
71.76666666666667
160.8
142.36666666666667
102.76666666666667
71.73333333333333
78.43333333333334
177.43333333333334
131.23333333333332
176.33333333333334
75.6
191.5
190.96666666666667
76.26666666666667
190.46666666666667
151.46666666666667
109.33333333333333
167.06666666666666
165.4
177.8
178.36666666666667
93.33333333333333
157.26666666666668
177.8
58.56666666666667
154.1
152.53333333333333
192.46666666666667
194.16666666666666
194.86666666666667
51.266666666666666
99.8
181.33333333333334
193.23333333333332
190.36666666666667
125.1
68.36666666666666
114.3
176.46666666666667
95.36666666666666
159.93333333333334
195.86666666666667
63.43333333333333
59.9
123.63333333333334
161.03333333333333
171.13333333333333
74.5
70.6
152.93333333333334
170.9
178.63333333333333
194.93333333333334
72.43333333333334
169.83333333333334
151.53333333333333
84.26666666666667
100.6
172.73333333333332
128.46666666666667
189.3
177.7
189.1
98.2
128.23333333333332
102.1
105.3
79.93333333333334
189.8
182.66666666666666
170.16666666666666
170.43333333333334
174.76666666666668
198.36666666666667
200.0
173.16666666666666
178.93333333333334
146.56666666666666
187.1
9.1
9.466666666666667
9.166666666666666
9.233333333333333
9.333333333333334
9.333333333333334
9.433333333333334
9.166666666666666
9.3
9.233333333333333
9.433333333333334
9.366666666666667
10.166666666666666
9.233333333333333
9.3
9.2
9.333333333333334
12.466666666666667
27.6
12.833333333333334
27.5
18.8
13.433333333333334
14.733333333333333
11.033333333333333
10.1
9.266666666666667
11.5
15.366666666666667
142.23333333333332
199.93333333333334
187.4
55.2
64.06666666666666
116.53333333333333
31.166666666666668
29.5
9.766666666666667
12.266666666666667
147.4
60.233333333333334
59.2
30.3
115.93333333333334
110.2
9.533333333333333
15.133333333333333
9.166666666666666
10.233333333333333
200.0
132.76666666666668
9.333333333333334
9.233333333333333
9.366666666666667
9.3
9.5
200.0
200.0
94.26666666666667
9.566666666666666
9.3
16.966666666666665
9.866666666666667
9.5
9.4
200.0
160.03333333333333
9.366666666666667
162.06666666666666
9.333333333333334
9.3
9.3
26.233333333333334
17.933333333333334
39.63333333333333
29.266666666666666
63.833333333333336
12.533333333333333
62.6
9.4
9.4
11.566666666666666
9.433333333333334
16.233333333333334
25.4
24.1
13.666666666666666
9.966666666666667
188.43333333333334
163.96666666666667
28.033333333333335
105.33333333333333
36.36666666666667
136.46666666666667
71.53333333333333
85.86666666666666
79.43333333333334
109.93333333333334
182.66666666666666
23.9
113.3
198.73333333333332
11.4
200.0
9.7
10.866666666666667
10.166666666666666
200.0
9.2
9.733333333333333
193.7
132.46666666666667
200.0
77.6
200.0
9.366666666666667
57.9
96.36666666666666
31.933333333333334
9.2
9.633333333333333
97.16666666666667
176.23333333333332
12.033333333333333
9.566666666666666
9.3
63.7
15.166666666666666
9.333333333333334
9.133333333333333
190.06666666666666
146.63333333333333
9.233333333333333
104.03333333333333
14.0
9.4
18.066666666666666
150.53333333333333
9.333333333333334
119.7
94.36666666666666
9.366666666666667
200.0
9.5
9.3
134.33333333333334
41.266666666666666
10.2
9.333333333333334
13.7
11.166666666666666
9.333333333333334
9.133333333333333
9.5
9.366666666666667
14.0
9.333333333333334
9.3
9.866666666666667
9.133333333333333
10.5
10.466666666666667
17.7
9.566666666666666
9.266666666666667
142.9
9.966666666666667
9.5
9.466666666666667
9.266666666666667
141.66666666666666
13.466666666666667
9.466666666666667
9.366666666666667
9.433333333333334
9.233333333333333
9.266666666666667
189.4
9.533333333333333
102.06666666666666
9.366666666666667
11.066666666666666
9.233333333333333
9.5
18.5
9.533333333333333
23.566666666666666
25.133333333333333
10.066666666666666
200.0
9.4
9.5
9.433333333333334
9.433333333333334
9.466666666666667
9.266666666666667
9.366666666666667
9.533333333333333
9.833333333333334
9.233333333333333
9.4
9.033333333333333
9.233333333333333
9.1
9.333333333333334
9.333333333333334
9.333333333333334
9.133333333333333
9.333333333333334
9.433333333333334
9.433333333333334
9.533333333333333
9.566666666666666
9.166666666666666
9.5
9.366666666666667
9.433333333333334
9.5
9.366666666666667
9.366666666666667
9.433333333333334
9.266666666666667
9.666666666666666
9.566666666666666
9.133333333333333
9.5
9.3
9.1
9.266666666666667
9.333333333333334
9.1
9.2
9.333333333333334
9.3
8.966666666666667
9.533333333333333
9.466666666666667
9.233333333333333
9.366666666666667
9.133333333333333
9.333333333333334
9.3
9.3
9.3
9.133333333333333
9.1
9.333333333333334
9.333333333333334
9.466666666666667
9.633333333333333
9.166666666666666
9.4
9.4
9.433333333333334
9.4
9.6
9.6
9.2
9.4
9.366666666666667
9.233333333333333
9.4
9.366666666666667
9.2
9.233333333333333
9.433333333333334
9.5
9.466666666666667
9.066666666666666
9.066666666666666
9.433333333333334
9.3
9.233333333333333
9.333333333333334
9.433333333333334
9.2
9.4
9.433333333333334
9.3
9.266666666666667
9.4
9.333333333333334
9.266666666666667
9.4
9.466666666666667
9.366666666666667
9.433333333333334
9.433333333333334
9.366666666666667
9.3
9.4
9.4
9.6
9.466666666666667
9.2
9.133333333333333
9.433333333333334
9.266666666666667
9.066666666666666
9.433333333333334
9.366666666666667
9.3
9.066666666666666
9.166666666666666
9.3
9.366666666666667
9.1
9.533333333333333
9.366666666666667
9.433333333333334
9.666666666666666
9.4
9.4
9.233333333333333
9.433333333333334
9.333333333333334
9.5
9.433333333333334
9.533333333333333
9.566666666666666
9.4
9.233333333333333
9.466666666666667
9.466666666666667
9.533333333333333
9.5
9.366666666666667
9.3
9.433333333333334
9.433333333333334
9.4
9.5
9.633333333333333
9.4
9.133333333333333
9.4
9.3
9.233333333333333
9.366666666666667
9.5
9.3
9.433333333333334
9.433333333333334
9.233333333333333
9.566666666666666
9.3
9.233333333333333
9.333333333333334
9.466666666666667
9.033333333333333
9.5
9.6
9.366666666666667
9.4
9.366666666666667
9.4
9.2
9.2
9.166666666666666
9.2
9.1
9.333333333333334
9.566666666666666
9.5
9.766666666666667
9.233333333333333
9.6
9.433333333333334
9.133333333333333
9.233333333333333
9.366666666666667
9.5
9.533333333333333
9.3
9.566666666666666
9.333333333333334
9.333333333333334
9.4
9.366666666666667
9.7
9.233333333333333
9.366666666666667
9.633333333333333
9.366666666666667
9.366666666666667
9.2
9.166666666666666
9.4
9.1
9.6
9.566666666666666
10.8
42.56666666666667
19.233333333333334
9.733333333333333
9.4
9.566666666666666
9.533333333333333
9.433333333333334
9.566666666666666
9.366666666666667
9.2
9.466666666666667
9.4
9.633333333333333
9.1
9.2
9.4
9.3
9.533333333333333
9.366666666666667
9.5
9.166666666666666
9.3
9.2
9.4
9.233333333333333
9.233333333333333
9.166666666666666
9.566666666666666
9.266666666666667
9.233333333333333
9.5
9.333333333333334
9.333333333333334
9.4
9.3
9.333333333333334
9.466666666666667
9.1
9.3
9.433333333333334
9.5
9.4
9.233333333333333
9.466666666666667
9.4
9.366666666666667
9.5
9.466666666666667
9.233333333333333
9.3
9.533333333333333
9.4
9.1
9.5
9.433333333333334
9.266666666666667
9.3
9.433333333333334
9.266666666666667
9.466666666666667
9.2
9.233333333333333
9.4
9.266666666666667
9.433333333333334
9.133333333333333
9.066666666666666
9.3
9.266666666666667
9.533333333333333
9.266666666666667
9.233333333333333
9.5
9.333333333333334
9.233333333333333
9.533333333333333
9.333333333333334
9.233333333333333
9.366666666666667
9.133333333333333
9.5
9.266666666666667
9.166666666666666
9.266666666666667
9.3
9.4
9.4
9.266666666666667
9.3
9.266666666666667
9.266666666666667
9.4
9.5
9.433333333333334
9.366666666666667
9.433333333333334
9.133333333333333
9.333333333333334
9.3
10.866666666666667
9.233333333333333
9.433333333333334
9.1
9.3
9.566666666666666
9.2
9.566666666666666
9.266666666666667
9.333333333333334
9.233333333333333
9.433333333333334
9.1
9.433333333333334
9.333333333333334
9.266666666666667
9.3
9.466666666666667
9.533333333333333
9.533333333333333
9.5
9.566666666666666
9.4
9.533333333333333
9.566666666666666
9.466666666666667
9.5
9.3
9.533333333333333
9.3
9.4
9.366666666666667
9.166666666666666
24.766666666666666
12.166666666666666
9.2
9.533333333333333
9.366666666666667
9.533333333333333
13.166666666666666
10.5
9.2
10.633333333333333
9.433333333333334
9.4
9.166666666666666
9.366666666666667
9.433333333333334
9.266666666666667
9.366666666666667
9.6
12.933333333333334
9.033333333333333
9.466666666666667
9.4
9.166666666666666
18.833333333333332
9.3
9.066666666666666
9.433333333333334
9.5
20.8
20.433333333333334
23.566666666666666
9.333333333333334
9.233333333333333
9.466666666666667
9.466666666666667
11.033333333333333
13.433333333333334
94.03333333333333
13.3
23.266666666666666
39.36666666666667
21.733333333333334
9.066666666666666
22.033333333333335
9.866666666666667
12.233333333333333
70.1
9.333333333333334
10.0
15.0
10.566666666666666
10.033333333333333
13.4
21.033333333333335
10.366666666666667
9.7
63.666666666666664
47.8
9.666666666666666
14.933333333333334
9.4
21.533333333333335
18.333333333333332
10.466666666666667
10.3
9.8
9.366666666666667
9.533333333333333
9.4
40.766666666666666
9.333333333333334
9.333333333333334
9.433333333333334
86.93333333333334
10.9
9.166666666666666
23.566666666666666
91.63333333333334
17.233333333333334
19.366666666666667
9.266666666666667
60.36666666666667
19.733333333333334
68.7
103.53333333333333
55.266666666666666
60.96666666666667
70.36666666666666
25.0
12.2
19.3
35.53333333333333
18.066666666666666
39.733333333333334
80.53333333333333
101.33333333333333
121.8
22.433333333333334
100.13333333333334
43.333333333333336
23.6
12.8
167.66666666666666
15.933333333333334
57.7
20.133333333333333
25.666666666666668
44.1
187.43333333333334
47.733333333333334
24.1
110.03333333333333
31.166666666666668
92.2
64.46666666666667
60.1
164.5
140.23333333333332
22.1
71.7
15.2
80.26666666666667
143.53333333333333
28.3
21.066666666666666
90.8
75.93333333333334
30.733333333333334
24.233333333333334
25.366666666666667
100.76666666666667
18.7
57.46666666666667
97.03333333333333
57.666666666666664
58.86666666666667
90.9
109.8
122.76666666666667
176.0
83.3
30.033333333333335
38.733333333333334
92.1
26.633333333333333
34.46666666666667
79.46666666666667
24.533333333333335
128.53333333333333
17.466666666666665
50.6
58.5
80.26666666666667
69.3
36.9
82.53333333333333
80.06666666666666
92.83333333333333
160.1
27.133333333333333
95.8
140.66666666666666
89.63333333333334
47.0
30.833333333333332
30.4
50.2
25.833333333333332
25.8
173.03333333333333
37.733333333333334
33.233333333333334
162.76666666666668
37.86666666666667
59.833333333333336
31.966666666666665
128.3
112.73333333333333
39.56666666666667
49.733333333333334
100.1
116.13333333333334
156.6
75.46666666666667
144.46666666666667
107.4
18.566666666666666
50.3
28.633333333333333
196.16666666666666
113.43333333333334
93.06666666666666
113.6
176.1
65.8
30.533333333333335
178.2
34.766666666666666
59.666666666666664
64.66666666666667
91.2
169.36666666666667
142.93333333333334
35.06666666666667
187.66666666666666
141.23333333333332
90.16666666666667
78.16666666666667
163.13333333333333
180.5
198.4
43.266666666666666
71.16666666666667
140.7
33.6
83.76666666666667
187.9
186.6
194.66666666666666
88.33333333333333
155.03333333333333
34.333333333333336
199.13333333333333
77.26666666666667
141.26666666666668
183.5
167.7
81.66666666666667
200.0
112.46666666666667
150.0
188.0
47.56666666666667
199.23333333333332
141.96666666666667
40.56666666666667
59.666666666666664
98.36666666666666
37.46666666666667
59.766666666666666
20.8
58.63333333333333
62.166666666666664
21.333333333333332
72.16666666666667
108.7
61.46666666666667
140.6
45.666666666666664
74.4
32.1
44.13333333333333
51.63333333333333
38.833333333333336
101.1
109.4
88.16666666666667
60.53333333333333
91.36666666666666
47.733333333333334
162.16666666666666
76.26666666666667
65.16666666666667
78.26666666666667
96.3
66.1
9.166666666666666
11.8
9.533333333333333
9.133333333333333
9.366666666666667
9.266666666666667
9.433333333333334
9.266666666666667
9.433333333333334
9.266666666666667
10.333333333333334
9.366666666666667
9.666666666666666
9.9
9.466666666666667
9.4
9.966666666666667
9.833333333333334
9.533333333333333
9.433333333333334
9.333333333333334
9.2
9.566666666666666
9.366666666666667
9.3
9.166666666666666
9.4
9.666666666666666
9.4
9.233333333333333
9.4
9.066666666666666
9.266666666666667
9.4
9.566666666666666
9.466666666666667
9.266666666666667
9.233333333333333
9.566666666666666
9.266666666666667
9.333333333333334
9.4
9.433333333333334
9.2
9.366666666666667
9.333333333333334
9.4
9.266666666666667
9.333333333333334
9.3
9.533333333333333
9.266666666666667
9.333333333333334
9.266666666666667
9.4
9.333333333333334
9.366666666666667
9.366666666666667
9.4
9.233333333333333
9.3
9.166666666666666
9.233333333333333
9.533333333333333
9.4
9.4
9.166666666666666
9.466666666666667
9.5
9.266666666666667
9.633333333333333
9.133333333333333
14.2
14.1
9.366666666666667
14.4
9.266666666666667
9.5
9.433333333333334
9.166666666666666
9.266666666666667
9.5
9.066666666666666
9.9
9.466666666666667
9.166666666666666
9.4
9.4
9.6
9.4
10.1
9.233333333333333
9.733333333333333
14.466666666666667
10.233333333333333
11.733333333333333
9.066666666666666
9.966666666666667
11.233333333333333
11.366666666666667
9.566666666666666
9.733333333333333
9.466666666666667
12.066666666666666
9.866666666666667
10.133333333333333
9.833333333333334
12.3
10.7
9.3
9.266666666666667
11.166666666666666
10.833333333333334
9.833333333333334
10.233333333333333
9.5
11.9
9.566666666666666
9.4
39.0
9.5
9.5
10.866666666666667
9.8
16.0
12.033333333333333
11.233333333333333
11.333333333333334
9.733333333333333
10.633333333333333
10.9
9.3
12.166666666666666
11.866666666666667
9.633333333333333
10.466666666666667
9.2
9.733333333333333
10.966666666666667
9.233333333333333
9.166666666666666
9.866666666666667
10.366666666666667
9.766666666666667
9.266666666666667
9.466666666666667
9.4
9.833333333333334
9.733333333333333
11.266666666666667
9.6
9.5
11.033333333333333
9.233333333333333
12.0
11.433333333333334
10.233333333333333
10.133333333333333
9.2
9.333333333333334
9.4
9.366666666666667
9.233333333333333
9.7
9.2
9.366666666666667
10.133333333333333
9.233333333333333
9.366666666666667
10.6
10.333333333333334
9.333333333333334
12.233333333333333
11.6
9.866666666666667
11.266666666666667
9.366666666666667
10.2
10.866666666666667
11.166666666666666
9.933333333333334
9.066666666666666
9.933333333333334
9.366666666666667
9.233333333333333
9.6
9.733333333333333
9.6
9.633333333333333
9.533333333333333
9.333333333333334
9.266666666666667
9.366666666666667
9.466666666666667
9.366666666666667
9.433333333333334
9.366666666666667
9.433333333333334
9.366666666666667
9.333333333333334
9.3
9.233333333333333
9.3
9.333333333333334
9.233333333333333
9.533333333333333
9.4
9.266666666666667
9.566666666666666
9.533333333333333
9.333333333333334
9.333333333333334
9.433333333333334
9.366666666666667
9.533333333333333
9.133333333333333
9.466666666666667
9.433333333333334
9.3
9.466666666666667
9.566666666666666
9.6
9.2
9.166666666666666
9.4
9.333333333333334
9.3
9.233333333333333
9.4
9.4
9.2
9.333333333333334
9.2
9.4
9.266666666666667
9.433333333333334
9.333333333333334
9.4
9.466666666666667
9.366666666666667
9.433333333333334
9.466666666666667
9.3
9.533333333333333
9.5
9.466666666666667
9.433333333333334
9.166666666666666
9.533333333333333
9.433333333333334
9.366666666666667
9.433333333333334
9.866666666666667
9.466666666666667
9.233333333333333
9.3
9.233333333333333
9.5
11.333333333333334
9.333333333333334
9.366666666666667
9.966666666666667
13.166666666666666
10.066666666666666
9.866666666666667
9.366666666666667
9.633333333333333
9.6
9.466666666666667
9.4
9.466666666666667
9.666666666666666
10.166666666666666
9.333333333333334
9.433333333333334
9.766666666666667
9.2
9.533333333333333
9.133333333333333
9.666666666666666
10.066666666666666
22.4
9.433333333333334
9.4
9.3
9.266666666666667
9.333333333333334
9.5
9.233333333333333
9.366666666666667
9.4
9.466666666666667
9.4
9.366666666666667
9.066666666666666
9.366666666666667
9.6
9.533333333333333
11.466666666666667
9.3
9.4
9.333333333333334
9.333333333333334
9.233333333333333
9.633333333333333
12.533333333333333
9.5
9.3
9.333333333333334
9.266666666666667
9.133333333333333
9.466666666666667
9.6
9.133333333333333
9.466666666666667
9.166666666666666
9.366666666666667
9.2
9.466666666666667
9.2
18.633333333333333
9.3
22.866666666666667
200.0
154.06666666666666
9.366666666666667
200.0
9.4
15.233333333333333
9.2
9.833333333333334
9.4
9.466666666666667
9.866666666666667
9.3
9.433333333333334
12.4
10.6
10.066666666666666
9.833333333333334
9.8
9.6
10.033333333333333
18.033333333333335
82.83333333333333
200.0
31.333333333333332
12.566666666666666
104.73333333333333
23.466666666666665
14.5
13.133333333333333
200.0
11.533333333333333
113.4
191.53333333333333
167.46666666666667
200.0
155.83333333333334
28.433333333333334
15.4
45.166666666666664
12.4
9.566666666666666
200.0
9.933333333333334
26.766666666666666
200.0
25.8
12.766666666666667
10.066666666666666
22.066666666666666
10.3
10.066666666666666
14.4
18.4
64.6
9.833333333333334
10.0
24.566666666666666
10.5
12.533333333333333
16.633333333333333
124.3
10.833333333333334
88.4
10.666666666666666
9.2
9.166666666666666
9.5
9.5
9.033333333333333
9.166666666666666
9.333333333333334
9.466666666666667
9.166666666666666
9.1
9.5
9.233333333333333
9.566666666666666
11.433333333333334
9.366666666666667
9.433333333333334
9.2
9.633333333333333
9.5
8.966666666666667
9.4
9.366666666666667
9.466666666666667
9.233333333333333
9.133333333333333
9.366666666666667
9.433333333333334
9.3
9.433333333333334
9.3
9.966666666666667
9.366666666666667
9.2
9.066666666666666
9.066666666666666
9.4
9.266666666666667
9.266666666666667
9.233333333333333
9.433333333333334
9.466666666666667
9.4
9.466666666666667
9.1
9.566666666666666
9.333333333333334
9.2
9.4
9.266666666666667
9.3
9.4
9.366666666666667
9.466666666666667
9.266666666666667
9.4
9.566666666666666
9.366666666666667
9.366666666666667
9.566666666666666
9.366666666666667
9.6
9.4
9.533333333333333
9.366666666666667
9.1
9.433333333333334
9.433333333333334
9.166666666666666
9.3
9.3
9.433333333333334
9.366666666666667
9.3
9.2
9.233333333333333
9.333333333333334
9.466666666666667
9.3
9.433333333333334
9.366666666666667
9.366666666666667
9.466666666666667
9.366666666666667
9.133333333333333
9.3
9.433333333333334
9.533333333333333
9.666666666666666
9.2
9.266666666666667
9.4
9.433333333333334
9.133333333333333
9.433333333333334
9.4
9.333333333333334
9.166666666666666
9.466666666666667
9.3
9.633333333333333
9.366666666666667
9.433333333333334
9.466666666666667
9.566666666666666
9.5
9.5
9.266666666666667
9.533333333333333
9.366666666666667
9.366666666666667
9.233333333333333
9.333333333333334
9.633333333333333
9.466666666666667
9.5
9.266666666666667
9.466666666666667
9.366666666666667
9.266666666666667
9.366666666666667
9.233333333333333
9.3
9.533333333333333
9.433333333333334
9.2
9.4
9.366666666666667
14.7
9.466666666666667
9.6
9.5
14.166666666666666
9.233333333333333
9.433333333333334
9.333333333333334
9.366666666666667
9.266666666666667
9.3
9.333333333333334
9.2
9.033333333333333
9.166666666666666
9.4
9.5
9.2
9.3
9.4
9.3
9.533333333333333
9.366666666666667
9.066666666666666
9.0
9.266666666666667
9.233333333333333
9.5
9.466666666666667
9.533333333333333
9.6
9.433333333333334
9.366666666666667
9.266666666666667
9.2
9.266666666666667
9.333333333333334
9.1
9.033333333333333
9.633333333333333
9.5
9.233333333333333
9.333333333333334
9.466666666666667
9.533333333333333
9.366666666666667
9.433333333333334
9.533333333333333
9.466666666666667
9.4
9.333333333333334
9.266666666666667
9.566666666666666
9.4
13.366666666666667
9.866666666666667
9.533333333333333
9.466666666666667
10.1
9.366666666666667
9.366666666666667
9.266666666666667
9.3
9.3
9.3
9.3
9.4
10.1
13.766666666666667
11.233333333333333
21.1
12.933333333333334
9.966666666666667
14.066666666666666
12.633333333333333
19.433333333333334
12.3
9.833333333333334
9.2
9.433333333333334
9.433333333333334
9.233333333333333
9.5
9.366666666666667
9.266666666666667
10.4
9.266666666666667
9.466666666666667
9.466666666666667
9.433333333333334
9.433333333333334
9.2
17.733333333333334
9.4
10.8
57.03333333333333
9.133333333333333
10.066666666666666
9.233333333333333
25.0
11.0
9.5
33.2
58.733333333333334
25.266666666666666
72.06666666666666
10.9
10.5
9.566666666666666
9.166666666666666
9.3
9.3
9.266666666666667
9.366666666666667
15.233333333333333
16.133333333333333
9.1
9.2
9.566666666666666
26.7
9.133333333333333
27.9
96.2
9.466666666666667
9.466666666666667
13.733333333333333
161.7
12.866666666666667
9.666666666666666
11.966666666666667
10.333333333333334
9.366666666666667
9.366666666666667
19.0
9.266666666666667
10.6
9.266666666666667
9.333333333333334
9.466666666666667
9.3
9.433333333333334
19.466666666666665
9.1
9.2
16.0
9.433333333333334
9.333333333333334
9.4
9.433333333333334
9.266666666666667
9.366666666666667
9.5
9.4
9.466666666666667
9.4
9.5
9.366666666666667
9.2
9.533333333333333
9.166666666666666
10.566666666666666
9.433333333333334
9.566666666666666
9.5
9.4
9.433333333333334
9.5
9.166666666666666
9.266666666666667
9.4
9.6
9.3
9.3
9.2
9.3
9.366666666666667
9.333333333333334
9.466666666666667
9.433333333333334
9.266666666666667
9.3
9.733333333333333
9.2
9.233333333333333
9.433333333333334
9.3
9.333333333333334
9.466666666666667
9.233333333333333
9.466666666666667
9.333333333333334
13.266666666666667
9.533333333333333
9.466666666666667
9.166666666666666
9.333333333333334
9.433333333333334
9.566666666666666
9.133333333333333
9.333333333333334
9.333333333333334
9.533333333333333
9.166666666666666
9.4
9.033333333333333
9.233333333333333
9.333333333333334
9.4
9.266666666666667
9.7
9.3
9.433333333333334
14.166666666666666
9.3
9.333333333333334
9.633333333333333
9.3
9.366666666666667
9.4
9.3
9.266666666666667
9.533333333333333
11.533333333333333
9.2
9.4
9.366666666666667
9.233333333333333
9.333333333333334
9.1
9.2
9.233333333333333
9.4
9.466666666666667
9.366666666666667
9.166666666666666
9.4
9.366666666666667
9.433333333333334
9.533333333333333
9.3
9.566666666666666
9.133333333333333
9.366666666666667
9.366666666666667
9.233333333333333
9.166666666666666
9.366666666666667
9.3
9.1
9.433333333333334
9.6
9.4
9.3
9.366666666666667
9.4
9.9
9.266666666666667
9.5
9.4
9.266666666666667
9.366666666666667
9.366666666666667
9.566666666666666
9.4
9.5
9.4
9.466666666666667
9.333333333333334
9.266666666666667
9.566666666666666
9.2
9.3
9.266666666666667
9.3
9.4
9.6
9.333333333333334
9.433333333333334
9.5
9.366666666666667
9.333333333333334
9.233333333333333
9.266666666666667
9.433333333333334
9.466666666666667
9.7
9.6
9.133333333333333
9.6
9.4
9.2
9.5
9.466666666666667
9.466666666666667
9.333333333333334
9.433333333333334
9.333333333333334
9.3
9.1
9.033333333333333
11.366666666666667
9.7
10.7
10.266666666666667
10.733333333333333
13.066666666666666
11.033333333333333
13.4
13.866666666666667
16.5
18.6
17.3
38.5
12.033333333333333
83.46666666666667
39.06666666666667
38.93333333333333
43.733333333333334
22.666666666666668
60.9
42.03333333333333
42.3
9.3
29.9
33.7
9.266666666666667
26.833333333333332
18.066666666666666
23.133333333333333
9.333333333333334
27.633333333333333
17.7
16.833333333333332
12.066666666666666
9.533333333333333
9.5
9.533333333333333
8.9
9.3
9.3
9.466666666666667
9.4
9.166666666666666
9.233333333333333
9.7
9.3
9.5
9.533333333333333
11.066666666666666
9.3
9.533333333333333
9.466666666666667
9.266666666666667
9.4
9.1
9.733333333333333
9.366666666666667
9.266666666666667
9.433333333333334
9.1
9.266666666666667
9.366666666666667
9.266666666666667
9.6
9.3
9.333333333333334
9.533333333333333
9.6
9.333333333333334
9.133333333333333
9.466666666666667
9.433333333333334
9.5
9.2
9.333333333333334
9.333333333333334
9.333333333333334
9.466666666666667
9.733333333333333
9.4
9.266666666666667
9.6
9.366666666666667
9.4
9.5
9.2
9.366666666666667
9.533333333333333
9.433333333333334
9.333333333333334
9.433333333333334
9.266666666666667
9.233333333333333
9.3
9.3
9.066666666666666
9.3
9.6
9.233333333333333
9.266666666666667
9.6
9.5
9.2
9.366666666666667
9.5
9.266666666666667
9.3
9.266666666666667
9.4
9.166666666666666
9.166666666666666
9.133333333333333
9.333333333333334
9.466666666666667
9.4
9.233333333333333
9.133333333333333
9.333333333333334
10.0
9.166666666666666
9.133333333333333
9.3
9.533333333333333
9.4
9.533333333333333
9.533333333333333
9.433333333333334
9.333333333333334
9.366666666666667
9.466666666666667
9.333333333333334
9.266666666666667
9.066666666666666
9.633333333333333
9.166666666666666
9.433333333333334
9.166666666666666
9.3
9.533333333333333
9.4
9.466666666666667
9.466666666666667
9.3
9.266666666666667
9.366666666666667
9.333333333333334
9.4
9.466666666666667
9.3
9.233333333333333
9.133333333333333
9.366666666666667
9.266666666666667
9.4
9.266666666666667
9.466666666666667
9.233333333333333
9.333333333333334
9.333333333333334
9.366666666666667
9.5
9.333333333333334
9.533333333333333
9.366666666666667
9.433333333333334
9.3
9.2
9.3
9.2
9.466666666666667
9.233333333333333
9.233333333333333
9.566666666666666
9.266666666666667
9.333333333333334
9.433333333333334
9.2
9.133333333333333
9.333333333333334
9.4
9.4
9.3
9.433333333333334
9.233333333333333
9.333333333333334
9.433333333333334
9.433333333333334
9.366666666666667
9.333333333333334
9.5
9.4
9.133333333333333
9.366666666666667
9.333333333333334
9.3
9.166666666666666
9.6
9.5
9.366666666666667
9.566666666666666
10.466666666666667
10.166666666666666
10.266666666666667
11.1
10.466666666666667
11.133333333333333
12.666666666666666
12.5
13.066666666666666
14.166666666666666
18.333333333333332
13.033333333333333
25.1
113.13333333333334
55.166666666666664
51.86666666666667
39.333333333333336
11.8
24.366666666666667
24.166666666666668
9.433333333333334
17.033333333333335
10.7
14.2
15.433333333333334
13.666666666666666
14.966666666666667
11.766666666666667
9.8
11.0
20.5
10.533333333333333
10.033333333333333
9.1
9.666666666666666
9.833333333333334
10.433333333333334
9.766666666666667
10.233333333333333
9.6
13.633333333333333
9.866666666666667
9.9
9.333333333333334
9.933333333333334
9.2
10.133333333333333
9.533333333333333
10.8
9.533333333333333
9.5
9.5
9.233333333333333
9.366666666666667
9.3
9.3
29.066666666666666
9.433333333333334
9.366666666666667
9.466666666666667
9.433333333333334
9.4
9.233333333333333
9.2
9.4
9.1
9.433333333333334
9.433333333333334
9.4
9.5
9.433333333333334
9.6
9.5
21.466666666666665
9.4
9.2
130.76666666666668
9.7
9.3
9.3
8.866666666666667
9.566666666666666
9.333333333333334
9.4
9.366666666666667
9.166666666666666
9.366666666666667
9.2
9.2
9.466666666666667
9.5
9.366666666666667
12.666666666666666
9.133333333333333
9.266666666666667
9.466666666666667
9.1
9.2
9.5
9.0
9.266666666666667
9.366666666666667
9.533333333333333
9.2
9.366666666666667
9.266666666666667
10.733333333333333
9.3
9.466666666666667
9.2
9.466666666666667
9.233333333333333
9.6
9.466666666666667
9.233333333333333
9.5
9.4
9.3
9.3
9.233333333333333
9.166666666666666
9.566666666666666
9.266666666666667
9.233333333333333
9.466666666666667
10.733333333333333
9.266666666666667
9.433333333333334
9.266666666666667
9.433333333333334
9.4
9.4
9.533333333333333
9.266666666666667
9.266666666666667
9.333333333333334
9.3
9.466666666666667
9.433333333333334
9.166666666666666
9.266666666666667
9.366666666666667
9.1
9.466666666666667
9.233333333333333
9.533333333333333
9.3
9.433333333333334
11.7
17.433333333333334
9.333333333333334
9.133333333333333
70.4
9.4
9.366666666666667
9.2
9.1
9.366666666666667
9.233333333333333
9.5
9.466666666666667
9.266666666666667
9.4
9.4
9.4
9.533333333333333
9.633333333333333
9.366666666666667
9.566666666666666
9.4
9.266666666666667
8.966666666666667
9.366666666666667
9.4
9.266666666666667
9.066666666666666
9.233333333333333
9.433333333333334
9.1
9.433333333333334
9.4
9.5
9.2
9.533333333333333
9.4
9.533333333333333
9.233333333333333
9.5
9.466666666666667
9.5
9.466666666666667
9.5
9.266666666666667
9.233333333333333
9.266666666666667
9.466666666666667
9.5
9.033333333333333
9.333333333333334
9.5
9.433333333333334
9.633333333333333
9.433333333333334
9.1
9.4
9.233333333333333
9.333333333333334
9.633333333333333
9.666666666666666
9.4
10.433333333333334
9.333333333333334
12.266666666666667
9.366666666666667
13.033333333333333
9.166666666666666
11.833333333333334
12.966666666666667
12.2
13.566666666666666
9.466666666666667
12.333333333333334
12.733333333333333
11.733333333333333
9.066666666666666
9.666666666666666
9.466666666666667
11.766666666666667
10.7
11.466666666666667
10.466666666666667
9.266666666666667
9.3
23.266666666666666
9.3
9.366666666666667
9.4
9.4
9.2
9.333333333333334
9.366666666666667
9.233333333333333
9.6
9.266666666666667
9.433333333333334
9.3
9.233333333333333
9.6
9.466666666666667
9.333333333333334
9.333333333333334
9.5
9.666666666666666
9.5
9.4
9.266666666666667
9.233333333333333
9.133333333333333
9.633333333333333
9.533333333333333
21.433333333333334
9.333333333333334
9.166666666666666
9.333333333333334
9.366666666666667
9.333333333333334
9.366666666666667
9.2
9.4
9.366666666666667
9.266666666666667
9.3
9.3
9.2
9.5
9.466666666666667
9.433333333333334
9.333333333333334
9.566666666666666
9.366666666666667
9.233333333333333
9.466666666666667
9.4
9.333333333333334
10.966666666666667
9.3
9.433333333333334
9.366666666666667
9.333333333333334
9.266666666666667
9.533333333333333
9.466666666666667
9.433333333333334
9.333333333333334
9.466666666666667
9.066666666666666
9.933333333333334
12.3
9.666666666666666
42.86666666666667
10.366666666666667
9.533333333333333
12.766666666666667
14.8
9.1
9.4
29.066666666666666
9.833333333333334
9.466666666666667
48.53333333333333
22.766666666666666
15.366666666666667
37.86666666666667
19.733333333333334
28.6
15.633333333333333
23.6
44.5
39.3
104.5
116.23333333333333
66.83333333333333
18.033333333333335
49.766666666666666
123.93333333333334
70.36666666666666
16.2
52.96666666666667
11.9
63.9
55.13333333333333
59.233333333333334
13.533333333333333
54.7
62.96666666666667
13.4
34.93333333333333
57.766666666666666
63.9
106.86666666666666
11.433333333333334
14.966666666666667
115.23333333333333
200.0
200.0
79.96666666666667
82.3
37.0
45.7
72.3
9.933333333333334
37.43333333333333
200.0
67.7
200.0
43.86666666666667
200.0
36.46666666666667
9.366666666666667
84.03333333333333
16.3
65.36666666666666
9.333333333333334
10.433333333333334
78.53333333333333
40.7
200.0
13.233333333333333
50.03333333333333
9.266666666666667
47.2
80.86666666666666
200.0
12.933333333333334
15.4
14.233333333333333
9.9
36.36666666666667
200.0
93.4
9.566666666666666
9.166666666666666
16.466666666666665
10.566666666666666
11.133333333333333
9.766666666666667
10.1
10.6
10.1
72.8
9.433333333333334
10.4
10.033333333333333
126.7
35.43333333333333
9.8
28.766666666666666
38.13333333333333
9.833333333333334
64.03333333333333
10.366666666666667
20.233333333333334
126.4
22.166666666666668
38.833333333333336
63.6
76.5
9.8
162.9
67.23333333333333
11.066666666666666
12.266666666666667
23.6
73.7
9.566666666666666
9.533333333333333
129.73333333333332
36.0
9.466666666666667
30.8
27.866666666666667
10.766666666666667
200.0
10.1
9.466666666666667
174.03333333333333
200.0
53.43333333333333
9.633333333333333
14.566666666666666
9.333333333333334
130.93333333333334
9.5
23.8
12.5
11.6
12.266666666666667
11.8
52.06666666666667
12.833333333333334
67.3
9.466666666666667
12.733333333333333
19.2
9.266666666666667
11.666666666666666
9.2
100.23333333333333
18.966666666666665
10.133333333333333
200.0
124.5
9.366666666666667
9.566666666666666
10.3
9.633333333333333
9.333333333333334
14.333333333333334
9.4
16.7
43.733333333333334
9.4
9.333333333333334
30.6
18.166666666666668
9.933333333333334
9.433333333333334
34.333333333333336
9.5
33.13333333333333
9.533333333333333
33.86666666666667
97.63333333333334
9.6
9.3
173.8
9.533333333333333
36.56666666666667
41.3
98.43333333333334
58.5
9.5
116.23333333333333
9.433333333333334
58.86666666666667
177.4
19.933333333333334
9.8
159.03333333333333
16.7
148.1
10.133333333333333
23.033333333333335
9.966666666666667
30.5
9.733333333333333
9.866666666666667
9.533333333333333
9.7
42.06666666666667
9.666666666666666
9.433333333333334
110.3
24.866666666666667
9.8
9.766666666666667
9.466666666666667
9.433333333333334
37.266666666666666
20.3
9.233333333333333
25.166666666666668
9.5
22.666666666666668
15.6
9.466666666666667
44.53333333333333
17.533333333333335
9.466666666666667
35.36666666666667
51.86666666666667
10.866666666666667
91.23333333333333
43.6
9.266666666666667
36.5
15.633333333333333
9.233333333333333
41.0
12.1
16.8
91.23333333333333
25.733333333333334
31.733333333333334
9.4
9.3
9.2
10.133333333333333
9.066666666666666
68.2
9.533333333333333
9.0
9.5
94.86666666666666
95.36666666666666
39.833333333333336
9.633333333333333
18.8
20.933333333333334
10.433333333333334
108.7
31.133333333333333
10.366666666666667
35.5
22.766666666666666
19.066666666666666
9.366666666666667
12.833333333333334
49.2
25.033333333333335
10.566666666666666
22.033333333333335
33.266666666666666
9.466666666666667
9.4
21.866666666666667
15.0
53.833333333333336
21.2
17.066666666666666
42.1
38.93333333333333
21.8
20.733333333333334
72.86666666666666
54.93333333333333
100.86666666666666
47.166666666666664
54.4
60.36666666666667
74.86666666666666
42.53333333333333
79.26666666666667
77.1
116.56666666666666
34.86666666666667
102.2
176.53333333333333
196.1
57.4
133.93333333333334
121.1
137.56666666666666
66.63333333333334
17.5
61.06666666666667
59.9
40.56666666666667
200.0
87.0
73.36666666666666
69.53333333333333
144.96666666666667
117.73333333333333
84.63333333333334
76.43333333333334
107.36666666666666
109.03333333333333
54.43333333333333
78.43333333333334
116.7
170.86666666666667
120.36666666666666
158.33333333333334
66.2
58.06666666666667
82.5
52.233333333333334
171.1
65.5
154.46666666666667
75.0
140.5
62.03333333333333
164.03333333333333
35.666666666666664
107.1
163.56666666666666
195.43333333333334
180.73333333333332
145.96666666666667
192.33333333333334
95.6
184.36666666666667
90.6
166.1
189.66666666666666
110.23333333333333
54.46666666666667
162.16666666666666
183.06666666666666
96.43333333333334
98.56666666666666
51.4
26.633333333333333
179.86666666666667
165.73333333333332
101.4
71.73333333333333
102.06666666666666
79.8
136.9
200.0
200.0
195.93333333333334
116.86666666666666
189.86666666666667
96.6
42.56666666666667
56.166666666666664
82.83333333333333
29.466666666666665
149.0
155.63333333333333
175.33333333333334
118.8
105.26666666666667
77.9
75.8
82.43333333333334
90.2
135.33333333333334
111.7
63.6
142.53333333333333
98.7
108.56666666666666
170.73333333333332
108.4
191.5
183.4
139.2
178.73333333333332
140.66666666666666
113.43333333333334
200.0
85.43333333333334
175.4
93.66666666666667
128.33333333333334
149.26666666666668
200.0
193.1
181.16666666666666
140.9
200.0
191.66666666666666
186.2
146.73333333333332
99.7
120.16666666666667
130.7
167.06666666666666
197.86666666666667
110.63333333333334
9.233333333333333
11.066666666666666
9.466666666666667
12.4
16.766666666666666
32.43333333333333
75.03333333333333
150.86666666666667
176.86666666666667
200.0
196.36666666666667
200.0
165.53333333333333
183.7
200.0
200.0
200.0
192.3
9.2
9.266666666666667
11.733333333333333
11.233333333333333
13.566666666666666
27.8
29.666666666666668
49.43333333333333
79.13333333333334
200.0
193.93333333333334
74.23333333333333
190.5
152.8
196.66666666666666
198.76666666666668
196.06666666666666
200.0
176.73333333333332
129.16666666666666
198.9
177.33333333333334
192.63333333333333
200.0
200.0
200.0
180.06666666666666
200.0
167.13333333333333
200.0
185.6
135.63333333333333
177.6
28.433333333333334
79.5
133.43333333333334
27.266666666666666
14.166666666666666
115.56666666666666
15.8
15.766666666666667
28.733333333333334
23.166666666666668
26.3
200.0
136.5
13.2
158.7
200.0
126.66666666666667
138.9
177.03333333333333
99.7
200.0
200.0
200.0
101.1
200.0
200.0
193.96666666666667
12.7
150.83333333333334
181.9
142.63333333333333
200.0
200.0
199.9
200.0
189.93333333333334
200.0
200.0
200.0
98.03333333333333
200.0
200.0
200.0
200.0
68.36666666666666
200.0
200.0
200.0
10.266666666666667
200.0
200.0
117.36666666666666
147.03333333333333
200.0
200.0
200.0
200.0
200.0
195.56666666666666
200.0
200.0
200.0
200.0
200.0
200.0
200.0
200.0
200.0
200.0
200.0
200.0
200.0
200.0
200.0
200.0
200.0
200.0
200.0
200.0
200.0
200.0
200.0
200.0
200.0
200.0
200.0
200.0
200.0
200.0
200.0
200.0
200.0
200.0
200.0
200.0
200.0
200.0
200.0
200.0
200.0
200.0
200.0
200.0
200.0
200.0
200.0
200.0
200.0
200.0
200.0
200.0
200.0
200.0
200.0
200.0
200.0
200.0
200.0
200.0
200.0
200.0
200.0
200.0
200.0
200.0
200.0
200.0
200.0
200.0
200.0
141.53333333333333
200.0
200.0
200.0
200.0
200.0
200.0
200.0
200.0
200.0
101.3
200.0
148.73333333333332
200.0
200.0
200.0
200.0
200.0
200.0
200.0
200.0
200.0
200.0
200.0
200.0
200.0
200.0
200.0
200.0
200.0
200.0
200.0
200.0
200.0
200.0
200.0
200.0
13.733333333333333
12.733333333333333
58.63333333333333
14.833333333333334
29.566666666666666
21.066666666666666
12.566666666666666
21.133333333333333
158.56666666666666
200.0
160.26666666666668
150.13333333333333
200.0
200.0
100.13333333333334
200.0
96.5
179.1
123.33333333333333
167.8
9.333333333333334
9.166666666666666
10.933333333333334
13.566666666666666
16.333333333333332
29.533333333333335
41.6
167.1
118.33333333333333
33.8
72.6
151.46666666666667
200.0
149.13333333333333
200.0
187.6
156.1
196.83333333333334
200.0
200.0
148.2
136.06666666666666
114.8
137.03333333333333
146.06666666666666
163.73333333333332
200.0
143.26666666666668
133.06666666666666
144.1
145.63333333333333
101.86666666666666
196.96666666666667
125.5
198.4
108.46666666666667
49.86666666666667
100.86666666666666
60.56666666666667
200.0
121.8
36.2
129.33333333333334
111.46666666666667
95.93333333333334
106.9
26.2
156.63333333333333
120.86666666666666
17.1
12.433333333333334
38.333333333333336
127.63333333333334
108.16666666666667
91.46666666666667
89.4
200.0
89.36666666666666
19.2
200.0
15.4
16.3
16.2
13.4
102.1
96.36666666666666
17.4
16.266666666666666
81.26666666666667
102.9
103.7
81.93333333333334
26.3
20.9
24.333333333333332
99.7
97.13333333333334
58.03333333333333
18.733333333333334
100.33333333333333
88.76666666666667
116.9
17.966666666666665
112.56666666666666
96.9
96.46666666666667
19.566666666666666
111.56666666666666
51.36666666666667
115.1
68.63333333333334
100.5
95.36666666666666
93.8
108.26666666666667
94.9
91.53333333333333
84.96666666666667
56.0
173.46666666666667
200.0
67.16666666666667
100.7
74.43333333333334
25.4
15.233333333333333
58.5
76.33333333333333
74.83333333333333
96.83333333333333
78.23333333333333
95.1
76.76666666666667
74.76666666666667
192.83333333333334
107.8
196.23333333333332
163.56666666666666
200.0
74.76666666666667
54.333333333333336
174.16666666666666
94.86666666666666
37.833333333333336
80.86666666666666
115.0
42.333333333333336
10.166666666666666
11.933333333333334
106.63333333333334
200.0
26.966666666666665
10.2
130.13333333333333
94.46666666666667
82.06666666666666
200.0
138.36666666666667
200.0
58.03333333333333
14.233333333333333
26.733333333333334
92.23333333333333
136.0
13.833333333333334
10.033333333333333
96.16666666666667
13.7
113.03333333333333
97.53333333333333
142.03333333333333
10.0
10.1
9.733333333333333
10.233333333333333
87.2
145.16666666666666
163.36666666666667
65.0
69.53333333333333
10.466666666666667
117.1
200.0
137.9
80.96666666666667
62.06666666666667
200.0
87.0
37.4
200.0
200.0
109.66666666666667
152.4
46.06666666666667
11.8
11.633333333333333
14.366666666666667
200.0
200.0
10.166666666666666
54.43333333333333
200.0
143.36666666666667
115.0
33.43333333333333
78.86666666666666
176.03333333333333
91.7
20.266666666666666
81.16666666666667
98.9
77.56666666666666
58.266666666666666
106.76666666666667
124.43333333333334
153.7
76.1
98.63333333333334
132.73333333333332
89.0
9.5
9.433333333333334
9.3
9.533333333333333
9.5
9.2
9.466666666666667
9.2
9.133333333333333
12.533333333333333
9.366666666666667
9.233333333333333
9.466666666666667
9.5
9.3
9.366666666666667
9.633333333333333
141.9
9.733333333333333
67.5
17.066666666666666
200.0
115.83333333333333
173.56666666666666
115.6
125.3
200.0
186.4
37.733333333333334
116.56666666666666
149.4
180.93333333333334
200.0
36.0
103.03333333333333
160.63333333333333
24.633333333333333
36.266666666666666
121.73333333333333
83.13333333333334
123.76666666666667
100.06666666666666
94.3
112.93333333333334
93.36666666666666
120.96666666666667
96.56666666666666
157.03333333333333
200.0
19.5
86.9
97.26666666666667
129.26666666666668
115.66666666666667
200.0
200.0
140.03333333333333
200.0
9.633333333333333
193.86666666666667
9.3
9.466666666666667
200.0
139.03333333333333
82.83333333333333
98.3
20.333333333333332
200.0
63.96666666666667
200.0
9.266666666666667
200.0
200.0
11.133333333333333
158.2
104.93333333333334
100.3
123.53333333333333
200.0
200.0
57.4
49.93333333333333
9.633333333333333
9.3
91.53333333333333
105.43333333333334
26.533333333333335
9.233333333333333
113.7
63.06666666666667
97.1
68.4
65.46666666666667
62.266666666666666
47.0
46.8
87.3
25.733333333333334
200.0
27.6
50.833333333333336
93.1
9.633333333333333
9.2
9.2
26.3
29.566666666666666
28.233333333333334
200.0
200.0
200.0
107.86666666666666
200.0
81.86666666666666
55.733333333333334
70.36666666666666
91.73333333333333
73.13333333333334
133.33333333333334
38.766666666666666
198.5
134.63333333333333
115.16666666666667
15.633333333333333
185.26666666666668
96.36666666666666
65.56666666666666
171.56666666666666
150.86666666666667
96.16666666666667
151.0
54.4
200.0
200.0
200.0
17.833333333333332
200.0
200.0
200.0
200.0
200.0
200.0
200.0
200.0
100.23333333333333
200.0
175.06666666666666
55.833333333333336
40.36666666666667
48.766666666666666
15.066666666666666
45.36666666666667
50.1
11.233333333333333
9.933333333333334
193.8
120.86666666666666
44.4
14.933333333333334
120.63333333333334
197.5
195.63333333333333
200.0
200.0
66.8
34.4
42.6
148.06666666666666
63.766666666666666
112.5
88.43333333333334
35.93333333333333
28.166666666666668
15.833333333333334
16.966666666666665
11.6
10.8
11.166666666666666
34.2
129.0
99.56666666666666
32.6
68.76666666666667
128.9
116.66666666666667
104.43333333333334
68.36666666666666
44.1
10.2
48.03333333333333
36.8
69.93333333333334
50.8
53.233333333333334
104.06666666666666
86.96666666666667
200.0
200.0
200.0
47.43333333333333
